2.779717874945611129e+02 2.908784869355798151e+02 1.627913216965720267e+01
2.767900288178379924e+02 0.000000000000000000e+00 9.219335012258517281e+01
1.960208386499657820e+02 1.268141030388693480e+02 1.272496350361706874e+02
2.980649882008661393e+02 1.645728767953858664e+02 9.170748532054855673e+01
2.570715581542178825e+02 2.155529060136532280e+02 1.103919919078139316e+02
3.233315445003102013e+02 2.749910206204583005e+02 1.647268537632529615e+02
3.547238495127912756e+02 1.492298412049551928e+02 1.098857097075286191e+02
3.055316616546581372e+02 1.347595065035313553e+02 5.478380075867796961e+01
2.470819622750290137e+02 3.948748425729690439e+02 1.437041686900817297e+02
2.500727405027531063e+02 1.033933663554375499e+02 9.129678034057066327e+01
3.604131452686952457e+02 3.511425132676831709e+02 1.493079374968940556e+02
3.206725341329264438e+02 1.939224144281722602e+02 1.817649641682887136e+02
2.973900099447136540e+02 3.552303642709302380e+02 4.584034964876634177e+01
2.818230463982574747e+02 1.871485585886795775e+02 1.458526437831811791e+02
2.965706137800463011e+02 0.000000000000000000e+00 2.297553758190731799e+01
2.806048793608042615e+02 2.611239676730916699e+02 4.178630109504859291e+01
2.812131439761770366e+02 3.392639747689373166e+02 1.620418988358420052e+02
2.915732472359111398e+02 1.819679668047521943e+02 4.621146056403482305e+01
2.549295775291657833e+02 2.518159366290652201e+02 7.890395901512552257e+01
2.664623113246125854e+02 2.403043705464117465e+02 1.126818385484260716e+02
3.458345383922551264e+02 1.771921439073785223e+02 1.103052556821312038e+02
2.819547783544503545e+02 1.293254856037660545e+02 9.662431598933883947e+01
2.263341127767416765e+02 2.616030013860632266e+02 7.650649124423743785e+01
2.875850627863750901e+02 2.890728797331646547e+02 9.209674175988315881e+01
3.490247429826071652e+02 2.117935355585331081e+02 1.889595686298254691e+02
3.147093085835804800e+02 2.504565651371779040e+02 7.389746465482741655e+01
3.458921438678966638e+02 2.743639819677858327e+02 2.624018570789155547e+01
2.981613549639948246e+02 1.260964103257837223e+02 8.993219395220768320e+01
4.024914306230322723e+02 3.366036544157035451e+02 1.025740623664843270e+02
2.442678680208162803e+02 2.326175523579346418e+02 6.584051338726081326e+01
3.317925643639254645e+02 1.878662090614774911e+02 8.442366136891835993e+01
2.193302208908655757e+02 1.508471539839482034e+02 1.218969227552051109e+02
2.922228576120331240e+02 1.830359454996157069e+02 6.931801643552900316e+01
3.349323795630554059e+02 3.470974795183340120e+02 1.634692727394665042e+02
1.934832901587873266e+02 5.269504464837751812e+01 1.186605862176693336e+02
3.387202445714332839e+02 2.466893208600857292e+02 1.569603889985979208e+02
2.761704326597908903e+02 9.521829089349833453e+01 2.840806267916893546e+01
3.393862029278232058e+02 2.926745445942772790e+02 1.255619035330001765e+02
2.882191165504971764e+02 1.039054908628201872e+02 1.633753909449489754e+02
3.007592632694034478e+02 1.417758457070309248e+02 5.326015415515617235e+01
2.819624758055958296e+02 1.853882141296012662e+02 1.739029233789848092e+02
3.283244801516385110e+02 1.269714584290961170e+02 1.343200091460646206e+02
3.974691017243884517e+02 2.179893231193664747e+02 1.186051658555394539e+02
3.628715218877031248e+02 0.000000000000000000e+00 8.298288554299975317e+01
3.698401475185037270e+02 3.037441619792685401e+02 1.284731581555163586e+02
2.964408419802501840e+02 1.783540433851810008e+02 5.147450969313242553e+01
3.129437751993249321e+02 1.686258039867132368e+02 9.098880146644285105e+01
2.695589366028365248e+02 2.666733322994168702e+02 1.528379809986771534e+02
1.979064783312255713e+02 3.825900423715814327e+02 1.098763406767927364e+02
2.409291593660725539e+02 1.954276306138039274e+02 1.904172466772672010e+02
3.034543234726732521e+02 1.113942761521091569e+02 1.672666265563022421e+02
4.118931315591903513e+02 1.522151628040905962e+02 1.120254700397469918e+02
3.441974205306143517e+02 1.128234011693659227e+02 1.071319031089383458e+02
2.340222466477706007e+02 2.526822448518393855e+02 1.373547675367000238e+02
2.883453429889739823e+02 1.555137705846263430e+02 2.577362073170942836e+01
3.007235094009313912e+02 2.467920847235309907e+02 1.684564746592731410e+02
2.601421158928189925e+02 2.780106255801501334e+02 1.704593977314177664e+02
3.056557414553412855e+02 1.657172028214496322e+02 1.112593864265216155e+02
2.570378969847459416e+02 2.159411402412590348e+02 1.119724547843356959e+02
2.700038970174518909e+02 4.091485061875118845e+00 9.033611459995806570e+01
2.372259506768856738e+02 3.448501278157050365e+02 7.032779644322323520e+01
1.907444825586223089e+02 1.508008791496886545e+02 9.411203007687549871e+01
2.057947369450474469e+02 2.445490305350026006e+02 1.027177031568829051e+02
2.794588221323213020e+02 7.853338806975220621e+01 6.823286564813014365e+01
2.622269117951159387e+02 7.688748700223528942e+01 0.000000000000000000e+00
2.702296100546953426e+02 1.930714623453458785e+02 5.560240426543832370e+01
2.709058231801434999e+02 3.452170857995478173e+02 1.215729642003868491e+02
3.810109846794222790e+02 1.380285115372122675e+02 1.336911794180324762e+02
4.151159114680768880e+02 2.521045989156727956e+02 6.353987153699124235e+01
3.231389163731946610e+02 2.466029012989636726e+02 2.093617432860618521e+01
3.492495899541744393e+02 1.990765316410634682e+02 8.556467364149692401e+01
2.564069922121156537e+02 1.219999700761019312e+01 1.459644562494345337e+02
3.752978941356545306e+02 2.434931412086889964e+02 1.573454238502175713e+02
2.957056100619632844e+02 1.501155087263323367e+02 1.184821186897369216e+02
2.729664980977024697e+02 1.185683405492290632e+02 9.949506317406925859e+01
3.454187558064188579e+02 3.566072177570560484e+02 8.718189025576108975e+00
2.925084551862476019e+02 2.787832421023158531e+02 5.739132887459133769e+01
3.833434467391199405e+02 1.907441172014196127e+02 1.786981534680356276e+02
2.948681258912633325e+02 1.445621788555931175e+01 7.252661203729621775e+01
2.646860879004993308e+02 1.670586717489331363e+02 2.102155091917672110e+02
2.604110004914948036e+02 7.030311899679435328e+01 3.243833018444259153e+01
3.093872429352348377e+02 1.629947010421513767e+02 5.683279741600409096e+01
3.473340806841499671e+02 6.974009364231352492e+01 1.090992870334905405e+02
3.349541462152432700e+02 1.802512816409901575e+02 4.418550816750864385e+01
2.310601383981548338e+02 4.537754338813499544e+01 1.361973539523833665e+02
3.505090615691590301e+02 2.690571116159085250e+02 1.622752565489344647e+02
3.828928404953351787e+02 1.411098655724945843e+02 2.152741344547868607e+02
3.849140995710152424e+02 2.278813484683553838e+02 1.066018564672230866e+02
2.689799091833573925e+02 2.574157874475896506e+02 3.784127141528156102e+01
2.704827332244575473e+02 3.005877992929404172e+02 1.201445998148815306e+02
2.499239874326439406e+02 3.049191871703577590e+02 2.136222525692204499e+01
3.376866301266636583e+02 2.160557071732805809e+02 1.630716478630251345e+02
3.403129167263253407e+02 2.444543584016963678e+01 9.794578341177580683e+01
3.873118555754634826e+02 3.081709507618605244e+02 1.274726493124326794e+02
2.515941241231408867e+02 2.465156927949810211e+02 7.133713230929896554e+01
2.874638057016754829e+02 1.944835143641852540e+02 5.800051153063529341e+01
3.266591701835562276e+02 0.000000000000000000e+00 1.305715716818429257e+02
4.322802801557406838e+02 2.617426762764283694e+02 6.861212393350592720e+01
2.981382508863073326e+02 8.829542431346489195e+01 0.000000000000000000e+00
2.349378351187099270e+02 1.083167371660403973e+02 6.029888228978450115e+01
2.317042814215093358e+02 1.259926389147342434e+02 6.257355663975520343e+01
3.957563552505477560e+02 6.082018686382031092e+01 6.250607964214632517e+01
1.662330307255518278e+02 2.300080310281857123e+02 0.000000000000000000e+00
2.365434237461654448e+02 2.883046554920247218e+02 1.863441707706566604e+02
3.742423314967691113e+02 2.850791743077027718e+02 6.481791082415521998e+01
2.167186740250497792e+02 1.817657199611746819e+02 7.543184952427988321e+01
3.455289802512868960e+02 2.024352331920640609e+02 6.652785053232635448e+01
1.984539960102009672e+02 1.346275781340158062e+02 1.496088729455125019e+02
3.760480695656253260e+02 8.013206899634388947e+01 1.367739086313322048e+02
3.018201134092760185e+02 0.000000000000000000e+00 1.410605332475360285e+02
2.818185925785842301e+02 2.079985630157053720e+02 7.191470345114680640e+01
3.373330885485677868e+02 1.036944980510585168e+02 1.126057002160570164e+01
2.884191652537417667e+02 1.743753029128063190e+02 1.086176563090644294e+02
3.711426194398089820e+02 1.362374758496016511e+02 8.739429946964099827e+01
2.485499689475526850e+02 9.112926448178846783e+01 1.253793017671832359e+02
3.257782619290649109e+02 2.808841525051311123e+02 1.876912035213404693e+02
3.650883124573344958e+02 1.200201112717731320e+02 1.084932655899727365e+02
2.846273214803829887e+02 8.538161273555996900e+01 1.582545524055929320e+02
2.723392872341164548e+02 2.529106070637272410e+02 1.565091020496869021e+02
2.925344149374015501e+02 7.268565711780435379e+01 4.014334791544482783e+01
2.433287988089805367e+02 2.938641602820580374e+02 1.088790327947298664e+02
2.636086441580244468e+02 3.533729823879197625e+02 2.697432177101926243e+01
2.199319401802916332e+02 0.000000000000000000e+00 1.636454789341208595e+02
3.380905459351238278e+02 0.000000000000000000e+00 1.069803114385875773e+02
3.884624338960106229e+02 1.708855945611109917e+02 4.148968367037090132e+01
2.338747467594115506e+02 2.997768016287993760e+02 8.615332122456244690e+01
3.422438757254744246e+02 1.119967613176218464e+02 1.126887350252013960e+02
3.045034410022780094e+02 3.575331302362944825e+02 7.525654810436603270e+01
3.373868307285365518e+02 7.842692514576667406e+01 0.000000000000000000e+00
2.406013503098056674e+02 7.246554107465368588e+01 8.627616290472282401e+01
2.949987050556306940e+02 1.847927863198517571e+02 1.777333311108959606e+02
3.304015175848870172e+02 2.935887938684889491e+02 8.535337503439198770e+01
2.120580770914603477e+02 1.950814825589300483e+02 1.843396449099870438e+00
2.578666946949601879e+02 3.691657293159298092e+02 0.000000000000000000e+00
2.845288000577216962e+02 1.987288257158865861e+02 1.635154227449128541e+02
2.675160147545627183e+02 1.801491844191863834e+01 1.091365140284232353e+02
3.211594714319565469e+02 1.624392082895986107e+02 6.942423722911001960e+00
2.021071480522148818e+02 2.856044714726975826e+02 1.312232668076052278e+02
3.221425797799499833e+02 2.599694293594441774e+02 1.183541897244483039e+02
3.064540302491764692e+02 1.908263585979218817e+02 1.137508444223125821e+02
2.970278530506476500e+02 3.959651429064311969e+02 1.259359138080374834e+02
2.772952572691032174e+02 0.000000000000000000e+00 1.038203643071299638e+02
3.059804017424347649e+02 1.382770448119580919e+02 9.023660487859503121e+01
2.543622365272816523e+02 3.896460612963703625e+02 1.554629445418354692e+02
3.574547830767302230e+02 3.315059940839535102e+02 1.478974609006128844e+02
3.711046440463074987e+02 1.317942490677854153e+02 1.409911024739661229e+02
2.459794849423395533e+02 2.422023118236500068e+02 1.002633502962458465e+02
2.866487244995064998e+02 3.465217735553865168e+02 1.680370071510374714e+02
3.391796776443920862e+02 2.078600277380525370e+02 5.139811425812258960e+01
3.170311430056356130e+02 2.266452896167911035e+02 5.475787484284334283e+01
3.280549834852704407e+02 2.253059115262267937e+02 1.193191376174277849e+02
2.862773582293605159e+02 3.807990086892053228e+02 1.202914879667226273e+02
2.640430981617412272e+02 1.638456783258787937e+02 1.309344703281732336e+01
4.249236789161743104e+02 1.109129128836531919e+02 8.812347931024025627e+01
3.450487097828624314e+02 7.624021345531870963e+01 1.759053148639596031e+02
3.302136798977644503e+02 0.000000000000000000e+00 1.201055092416882246e+02
2.545224053202786934e+02 1.999700176174875139e+02 5.976653953524888152e+01
3.277460830050085292e+02 2.744058839518207265e+02 6.864148067993781410e+00
2.761515886192916582e+02 2.669327987057623659e+02 1.447095653654014029e+02
3.530290310091311312e+02 2.077656369365023465e+02 1.120497325587489428e+02
3.030660994284872345e+02 4.367415371626482283e+02 1.381062631179906361e+02
2.967348436842725050e+02 3.764094605159247067e+02 1.772900504735023333e+02
2.895018759363418894e+02 1.484615038619419920e+02 6.218307997307454116e+01
3.793850275658620603e+02 3.022702559313453321e+02 1.005154968936704449e+02
2.651556790386296143e+02 0.000000000000000000e+00 6.641913946106066646e+01
2.191937673180796651e+02 3.375574981796678458e+02 1.360658578430768557e+02
3.391613865979462048e+02 1.256182752537034730e+01 0.000000000000000000e+00
2.572219100575639459e+02 2.090442888967317856e+02 9.333454435597300858e+01
3.435087275608132131e+02 3.478291529784405611e+01 9.924262709522110981e+01
2.570001876450807003e+02 2.176607617713574143e+02 0.000000000000000000e+00
3.547254305471431621e+02 1.502937797332388072e+02 9.621256419890291056e+01
2.847558665861905070e+02 3.430124872469485808e+02 1.089575341398410018e+02
2.891727407108803618e+02 1.077176693880036566e+02 1.358945222644780131e+02
3.833026067691431535e+02 2.155647228508087494e+02 8.901629681789732729e+01
3.159798203125023406e+02 2.409561532196943290e+02 1.184460095184195865e+02
2.232659106952486638e+02 7.546902513091504261e+01 8.462897892841731107e+01
3.291864349720157179e+02 1.347956600502801621e+02 1.540387910675843841e+02
3.441188853397490561e+02 1.782132052806421143e+02 6.494974363291240138e+01
3.320397425074793318e+02 2.616835010722086849e+02 1.048467407937176574e+02
3.600770107994504201e+02 3.255558593443304289e+02 1.157981102067822974e+02
3.348648926476032557e+02 1.058040468831074037e+02 1.530664569446119856e+02
3.126745202831717165e+02 2.722988979938475609e+02 1.329563689219165212e+02
3.007466100611587763e+02 3.167951634325302166e+02 5.548640767349088065e+01
2.242276172835862553e+02 1.139630895529124786e+02 1.547717597027715897e+02
2.859754758397313594e+02 2.207257152232977546e+02 1.230966273910414515e+02
2.576490224852915389e+02 3.808909835678516629e+02 5.013680512895884789e+01
3.216103979610502961e+02 1.425007668212906822e+02 5.701469884601628024e+01
2.704695445670568006e+02 2.398456578212913541e+02 9.204460239416879119e+01
1.780369518377390818e+02 2.333015972806310288e+02 4.877761772527634321e+01
2.692163308155330128e+02 1.285194966496336235e+02 1.111375071697663657e+02
2.877154559891324652e+02 1.955513056333606983e+02 7.260475946212872600e+01
3.283733631051115935e+02 1.699882792886752725e+02 1.227012731554952296e+02
2.608448204254474376e+02 4.771191015004077940e+01 0.000000000000000000e+00
3.696442134436108518e+02 3.022641606697847578e+02 4.635971212672799879e+00
2.844902682632997539e+02 1.797715035899713882e+02 1.799135404448816189e+02
3.164821490298137405e+02 2.615116258267412945e+02 7.066737461017179101e+01
2.823670188024242407e+02 2.505300396969286112e+02 5.291988106512571477e+01
2.999703059853382570e+02 2.299876793804764077e+02 1.067508403240762078e+02
3.006753858775833237e+02 2.121997255786245660e+02 9.613156322886607086e+01
2.232924830985947438e+02 2.562943197957619645e+02 6.648802052800223805e+01
2.552073548374023346e+02 4.407700064530121153e+02 9.836986438485094197e+01
3.330656643144075701e+02 2.458385396782223324e+02 1.130969904230657477e+02
3.652215020830524281e+02 1.753833645146662548e+02 5.544946494471295040e+01
2.804780211390191766e+02 2.140712715876321965e+02 8.621082547558708598e+01
2.136678303532631560e+02 1.403155121619428769e+02 8.522462081545292278e+01
2.080613564893164948e+02 2.245164633420574489e+02 5.071702752806918824e+01
3.253506721375080133e+02 1.467281856593900500e+02 8.757417002867806843e+01
3.004039149911207573e+02 2.287051954315593321e+02 1.798357266647420829e+02
2.595645116391366400e+02 1.663781745431728609e+02 9.509997088023260403e+01
2.355636573299127861e+02 2.975794917403533191e+02 1.203699718840384350e+02
3.351289471385733805e+02 1.481089545433775072e+02 2.755279442022711578e+00
3.448047213760654017e+02 0.000000000000000000e+00 3.477675642533995415e+01
2.432624738501833406e+02 2.413915389235120017e+02 1.225728042288536841e+02
2.395094854453272433e+02 1.555766189425984862e+02 9.805396160764557578e+01
3.571428001984643288e+02 3.250176127902551571e+02 3.120393818908941341e+01
2.827782964710806937e+02 2.948418712802524055e+01 2.699315167588730446e+01
3.202877830018633745e+02 1.755642824912467859e+02 8.578898236485815687e+01
2.729631600430879530e+02 3.788914024754703860e+02 3.424662035669565796e+01
4.058297204410029053e+02 1.565715270219472472e+02 1.603583162927876913e+02
2.778831214609220979e+02 2.186929188951108927e+01 1.325192858782188807e+02
1.996636667660257842e+02 1.784201938474427607e+02 7.400471382780006024e+01
3.838290533439637215e+02 1.897061461523747994e+02 1.612969895976617636e+02
2.798682603761722021e+02 2.502194170880491697e+02 3.501332515297733039e+00
2.264711640077291861e+02 1.573285888435221693e+02 5.136177526976483421e+01
3.043827701379505584e+02 3.816462371636769149e+02 1.361231643376356715e+02
2.511845648583515356e+02 1.548038002536428337e+02 1.187392518025663719e+02
2.548531549978591784e+02 4.437142008906498631e+02 1.586804643310363190e+02
2.215071119100133501e+02 1.158859752850002423e+02 5.137523173004326082e+01
2.725039589753317841e+02 1.156927766668601265e+02 6.439274233002593917e+01
3.153868635048567626e+02 2.456470253538058444e+02 1.035593771299350863e+02
2.673562716514694557e+02 1.705970431252670210e+02 1.189638329053762931e+02
3.401968415498932359e+02 2.966409508118375697e+02 6.553376792369155623e+01
3.262318826753076451e+02 3.173996982369272928e+02 4.199697577052729258e+01
3.338510928540426335e+02 3.933092078117244910e+02 3.506228729442061365e+01
2.527171502474243425e+02 3.333584166305943199e+02 1.942760821844904058e+02
3.008369991326614468e+02 2.648956577270375305e+02 1.368977833822476669e+02
3.196720777399298186e+02 1.566223914597007933e+02 1.400977799260575125e+02
2.942871556917164639e+02 1.509910679170192793e+02 9.222226259975883522e+01
3.844962860517805439e+02 3.024338999638584937e+02 1.257782564920740640e+02
3.166742711590385966e+02 3.582946258540651456e+02 1.582132865550296401e+02
2.668839779096377924e+02 1.172652780617704877e+02 4.711016103570202063e+00
3.220317458645660054e+02 1.797990952268889089e+02 1.705357903423153516e+02
2.862734082480569668e+02 3.593366083116214327e+01 9.389196237161641534e+01
3.174470579874669625e+02 1.203897095880489587e+02 1.351283075528833137e+02
3.984212171523378174e+02 1.779282865034300585e+02 2.470150989425380885e+02
2.828999690683885433e+02 3.174189426011105297e+02 2.183845273940630705e+02
4.158523700958580775e+02 1.147881467370684874e+02 9.039397306904942297e+01
3.248941145724565445e+02 7.936356579709149628e+01 2.924230954811761762e+01
3.378931649354431670e+02 2.342007412116765295e+02 1.193380782607825381e+02
3.372522507251305797e+02 2.217300337150257405e+01 1.572031839815139165e+02
3.228886754796870378e+02 1.143838342951525675e+02 6.016739136777640340e+01
2.838290229775214470e+02 2.410710147485422681e+02 6.779605785740545798e+01
2.866895013350839463e+02 2.271394612350878788e+02 1.542118626454546870e+02
4.108497490252686930e+02 2.316324954005050643e+02 3.491838034328493734e+01
3.010694818839468212e+02 1.341499060859927965e+02 1.015133528727121046e+02
3.085980544351243680e+02 1.473029557259975491e+02 9.803743468805417649e+01
3.502025618255073596e+02 3.246590523872847598e+02 6.793605766007534896e+01
3.472196263007442667e+02 1.974129660070352941e+02 1.717644160533104127e+02
3.317082914938434897e+02 3.297456171391204407e+02 1.428891909043723274e+02
3.229516224183964823e+02 3.107647181198315707e+02 2.001708910960051639e+02
2.219835218920251805e+02 1.723103676803675057e+02 7.051721040224555281e+01
2.946180676898858906e+02 1.832665338891630995e+02 1.616064056882784712e+02
3.112452435650504299e+02 3.009814826169916273e+02 1.100889347306032704e+02
2.395859121006521377e+02 3.462429354917101136e+02 4.252749499028974611e+01
3.150950679088959419e+02 1.432007881372693987e+02 1.240108359283814394e+02
2.662570434874251646e+02 2.634948133589730901e+02 2.036567204412037029e+02
2.112992130222104379e+02 1.169836853674140400e+02 0.000000000000000000e+00
2.761249781433910471e+02 1.222278568560060847e+02 6.753301726684341588e+01
2.886903585887071699e+02 1.959871294678877405e+02 3.473850947614302243e+01
3.281116181517969608e+02 4.333848833674327921e+02 1.507399676421003960e+02
3.318692599457732513e+02 1.210777334285496210e+02 7.959476704084991638e+01
2.779107490993897613e+02 5.445937374441962220e+01 1.019063848863650890e+01
3.831475574798963635e+02 4.502397660602628662e+02 1.385089894044420760e+02
3.265988563926335928e+02 2.468540320717798124e+02 4.164785623002970993e+01
3.383605051253467764e+02 1.922019320606261772e+02 1.358674274245670404e+02
3.280946315847664891e+02 1.563855162125265110e+02 1.543667247651334833e+02
3.380257379043425772e+02 2.810006404989099451e+02 2.751842920256434866e+01
3.489962119538053003e+02 1.961612696357858852e+02 3.535715723444772607e+01
3.453351966506191388e+02 3.811707108872217304e+02 1.317097704362259378e+02
3.167974585670093575e+02 2.453382322450581228e+02 1.167346560767009009e+02
2.267266902680844964e+02 1.646545035612600714e+02 7.794873446501290459e+01
3.351930486787374548e+02 2.907757568500384764e+02 1.009225090408778982e+02
2.705698340424589219e+02 2.461864702350871426e+02 5.881448926636952734e+01
3.684652601363607118e+02 1.429472791917340544e+02 1.637453204439103160e+02
2.600268299503372873e+02 1.622129429104684277e+02 4.435177845530397178e+01
3.036018845325426696e+02 2.969100264824587043e+02 6.983157301784676463e+01
2.711336438062233469e+02 5.285379793412957383e+01 2.252272122727399051e+01
2.928570684655478544e+02 2.078229996784178866e+02 9.028223352703152216e+01
3.261704164053987256e+02 1.211981560564391600e+02 1.116751391983991653e+02
2.813967846974315421e+02 2.308624718293967533e+02 1.493137888721717843e+01
3.022019351177490307e+02 2.348318228351295716e+02 1.862919237256936640e+02
3.031161323757379478e+02 3.232234770782761188e+02 1.283999495615626074e+02
2.585476756317954141e+02 1.948202180715756526e+02 6.972308423827375634e+01
2.848761618598801419e+02 3.662938378441930922e+02 1.516954310623285664e+02
3.387460663746771843e+02 2.914578626753487356e+02 7.111303566268554732e+01
2.354918034119636161e+02 1.091913671661919665e+02 6.006201365915354273e+01
3.328437598119587619e+02 1.854898752422748771e+02 6.382371609440702542e+01
4.464043420712957868e+02 2.483671774217126824e+02 9.641867633992085018e+01
3.399663303784954564e+02 3.208776422114271440e+02 8.912518533401221532e+01
2.789406534333867853e+02 1.280804754715091462e+02 1.435211456030407646e+02
3.291565657363880177e+02 1.312901210920147719e+02 5.953286805236145085e+01
2.829379803192235272e+02 3.953507521987146447e+02 1.659774310846887033e+02
3.414262077144941259e+02 2.236435773734910413e+02 1.341692815113844688e+02
3.302835129410945569e+02 2.015453799450735914e+02 8.958958488967934386e+01
2.618264717520750651e+02 2.457499383557559440e+02 1.287936523063942502e+02
2.378467061876224307e+02 2.497321600072841932e+02 1.322714858934935762e+02
3.591885796452570503e+02 1.246117063386438133e+02 8.892018935525135248e+01
2.905097298034565938e+02 2.234373901694254414e+02 1.187467899152221378e+02
2.443914158849845251e+02 1.202506074285673066e+02 6.713128565339314946e+01
3.498245718615800115e+02 1.236146212584510806e+02 1.027163766936825766e+02
1.923265219161320374e+02 1.317273364373729692e+02 7.215063169110604235e+01
2.860481607396759500e+02 1.331626840590900542e+02 0.000000000000000000e+00
3.058172033334275852e+02 3.473071541859373497e+02 1.407717668741240118e+02
2.805977247800490773e+02 2.729508789523516725e+02 9.956138460471639462e+01
2.699668877449058186e+02 1.893991107805828733e+02 1.938181124957180828e+02
3.120702406125116113e+02 2.217349349740575235e+02 8.949965469156101960e+01
3.266858878137655893e+02 3.097401976826286614e+02 1.771630493180812778e+02
3.262083005468576289e+02 2.101989947892903103e+02 6.707341675595608876e+01
2.673239357338173363e+02 2.681634767358626732e+02 1.155038821094968426e+02
2.292618676760268670e+02 1.849147060665340803e+02 5.665437117149228641e+01
2.904111489722394595e+02 2.151851148442893304e+02 1.159320226454780709e+02
3.329913658925227082e+02 2.588870746036870401e+02 1.739914917048976690e+02
3.202490200307804571e+02 8.246698571660722621e+01 6.635824504329940510e+01
2.582658538772441830e+02 1.890244727966077676e+02 1.223380005362227365e+02
2.210597643402869039e+02 2.255106231344164769e+02 1.246080464093678302e+02
2.853275607112130956e+02 1.379457985798774189e+02 1.427960579268843730e+02
3.234806501130780134e+02 2.031005415402361507e+02 1.173850878855125188e+02
3.271514301783334417e+02 3.142108993315341081e+02 0.000000000000000000e+00
3.123608370727991428e+02 0.000000000000000000e+00 4.600902179375157885e+01
3.128450366122451101e+02 2.856012225278016103e+01 1.209359892638270537e+02
2.288391395512170732e+02 2.246111039742892217e+02 9.482755997218249888e+01
2.806473548367297894e+02 1.630762208160404043e+02 0.000000000000000000e+00
1.960974944318145674e+02 1.826378155117045594e+02 1.332748394273696988e+02
3.306825097042715811e+02 1.103066147159170214e+02 1.283741027820770171e+02
2.551629983190225346e+02 1.557800376266058606e+02 7.882554759777460163e+01
2.412585003645646680e+02 2.419406755635312152e+02 1.337276372025033027e+02
3.446992885189688991e+02 1.207970517040225644e+02 9.828606477610344427e+01
3.105589910520408807e+02 3.722139303646647477e+02 7.839381888425590716e+01
2.067223382873800119e+02 3.462633948920862395e+02 5.650125626716867089e+01
3.075604868267176357e+02 2.490812103327131695e+02 1.007207591111581024e+02
3.957103372709385098e+02 9.319496685660575963e+01 9.041944389927340353e+01
2.803576818189515052e+02 1.765699915991351645e+02 7.308381542342505099e+01
3.395472515705477008e+02 1.173547883420251310e+02 9.063936641536191985e+01
3.156832534315951762e+02 7.191661158255132591e+01 1.499879372642534747e+02
3.846273427709069779e+02 2.392999442616747388e+02 1.142919249660881462e+02
2.978647240845772899e+02 2.070209036109767453e+02 1.619973809616186031e+02
3.647268996661014739e+02 2.880883646106710216e+01 8.849286290815780376e+01
2.852664234649987520e+02 1.846251686779325212e+02 4.569034776949408894e+01
2.494982238656951097e+02 3.996818164160421247e+02 1.242325394682767552e+02
3.683980287226108317e+02 2.365580282417235765e+02 4.147899130810714041e+01
3.496538858893198949e+02 2.216244571297750952e+02 8.046352572905796308e+01
2.718878688235540153e+02 2.868332094285344169e+02 1.779347689051716657e+02
2.990364489630769640e+02 7.679739422877138111e+01 2.064063463311644000e+02
3.528696606779787430e+02 1.563515822444466608e+02 1.017036010159928452e+02
3.047955398161734593e+02 0.000000000000000000e+00 1.741565596595991678e+02
2.737175080150541362e+02 1.860087397691950173e+01 0.000000000000000000e+00
3.036990615066217174e+02 7.488841120552207542e+01 1.500898511565406750e+02
3.098707501418011816e+02 2.661998658796265431e+02 9.426952746255983584e+01
3.597903359288238789e+02 5.763432402784877695e+01 6.754169181508106590e+01
3.464676792778361119e+02 2.502466217654740035e+02 8.983751028829458107e+01
3.255124272783436936e+02 2.182118566637730623e+02 4.911685130073346528e+01
3.467696721552780446e+02 4.931796749480335507e+01 4.404169606556799010e+01
2.812492983974178742e+02 1.451388550880835169e+02 6.875927169239949421e+01
3.087971474491247363e+02 1.098403127778041721e+02 1.358464652974589910e+02
2.557075103438512542e+02 1.224024413049350386e+02 1.174957087065528327e+02
